# Total Overlapped Pixels: 22
# Number of pixels covered:
# 53: 133, 54: 191, 55: 184, 56: 210, 57: 163, 58: 107, -1: 41, -2: 97, -3: 85, -4: 46, 
# 
 0  0  0  0  0  0  0  0  0  0  0  0  0  0  0  0  0  0  0  0  0  0  0  0  0  0  0  0  0  0  0  0  0  0  0  0  0  0  0  0  0  0  0  0  0  0  0  0  0  0  0  0  0  0  0  0  0  0  0  0  0  0  0  0  0  0  0  0  0  0  0  0  0  0  0  0  0  0  0  0  0  0  0  0  0  0  0  0  0  0  0  0  0  0  0  0  0  0  0  0  0  0  0  0  0  0  0  0  0  0  0  0  0  0  0  0  0  0  0  0  0  0
 0  0  0  0  0  0  0  0  0  0  0  0  0  0  0  0  0  0  0  0  0  0  0  0  0  0  0  0  0  0  0  0  0  0  0  0  0  0  0  0  0  0  0  0  0  0  0  0  0  0  0  0  0  0  0  0  0  0  0  0  0  0  0  0  0  0  0  0  0  0  0  0  0  0  0  0  0  0  0  0  0  0  0  0  0  0  0  0  0  0  0  0  0  0  0  0  0  0  0  0  0  0  0  0  0  0  0  0  0  0  0  0  0  0  0  0  0  0  0  0  0  0
 0  0  0  0  0  0  0  0  0  0  0  0  0  0  0  0  0  0  0  0  0  0  0  0  0  0  0  0  0  0  0  0  0  0  0  0  0  0  0  0  0  0  0  0  0  0  0  0  0  0  0  0  0  0  0  0  0  0  0  0  0  0  0  0  0  0  0  0  0  0  0  0  0  0  0  0  0  0  0  0  0  0  0  0  0  0  0  0  0  0  0  0  0  0  0  0  0  0  0  0  0  0  0  0  0  0  0  0  0  0  0  0  0  0  0  0  0  0  0  0  0  0
 0  0  0  0  0  0  0  0  0  0  0  0  0  0  0  0  0  0  0  0  0  0  0  0  0  0  0  0  0  0  0  0  0  0  0  0  0  0  0  0  0  0  0  0  0  0  0  0  0  0  0  0  0  0  0  0  0  0  0  0  0  0  0  0  0  0  0  0  0  0  0  0  0  0  0  0  0  0  0  0  0  0  0  0  0  0  0  0  0  0  0  0  0  0  0  0  0  0  0  0  0  0  0  0  0  0  0  0  0  0  0  0  0  0  0  0  0  0  0  0  0  0
 0  0  0  0  0  0  0  0  0  0  0  0  0  0  0  0  0  0  0  0  0  0  0  0  0  0  0  0  0  0  0  0  0  0  0  0  0  0  0  0  0  0  0  0  0  0  0  0  0  0  0  0  0  0  0  0  0  0  0  0  0  0  0  0  0  0  0  0  0  0  0  0  0  0  0  0  0  0  0  0  0  0  0  0  0  0  0  0  0  0  0  0  0  0  0  0  0  0  0  0  0  0  0  0  0  0  0  0  0  0  0  0  0  0  0  0  0  0  0  0  0  0
 0  0  0  0  0  0  0  0  0  0  0  0  0  0  0  0  0  0  0  0  0  0  0  0  0  0  0  0  0  0  0  0  0  0  0  0  0  0  0  0  0  0  0  0  0  0  0  0  0  0  0  0  0  0  0  0  0  0  0  0  0  0  0  0  0  0  0  0  0  0  0  0  0  0  0  0  0  0  0  0  0  0  0  0  0  0  0  0  0  0  0  0  0  0  0  0  0  0  0  0  0  0  0  0  0  0  0  0  0  0  0  0  0  0  0  0  0  0  0  0  0  0
 0  0  0  0  0  0  0  0  0  0  0  0  0  0  0  0  0  0  0  0  0  0  0  0  0  0  0  0  0  0  0  0  0  0  0  0  0  0  0  0  0  0  0  0  0  0  0  0  0  0  0  0  0  0  0  0  0  0  0  0  0  0  0  0  0  0  0  0  0  0  0  0  0  0  0  0  0  0  0  0  0  0  0  0  0  0  0  0  0  0  0  0  0  0  0  0  0  0  0  0  0  0  0  0  0  0  0  0  0  0  0  0  0  0  0  0  0  0  0  0  0  0
 0  0  0  0  0  0  0  0  0  0  0  0  0  0  0  0  0  0  0  0  0  0  0  0  0  0  0  0  0  0  0  0  0  0  0  0  0  0  0  0  0  0  0  0  0  0  0  0  0  0  0  0  0  0  0  0  0  0  0  0  0  0  0  0  0  0  0  0  0  0  0  0  0  0  0  0  0  0  0  0  0  0  0  0  0  0  0  0  0  0  0  0  0  0  0  0  0  0  0  0  0  0  0  0  0  0  0  0  0  0  0  0  0  0  0  0  0  0  0  0  0  0
 0  0  0  0  0  0  0  0  0  0  0  0  0  0  0  0  0  0  0  0  0  0  0  0  0  0  0  0  0  0  0  0  0  0  0  0  0  0  0  0  0  0  0  0  0  0  0  0  0  0  0  0  0  0  0  0  0  0  0  0  0  0  0  0  0  0  0  0  0  0  0  0  0  0  0  0  0  0  0  0  0  0  0  0  0  0  0  0  0  0  0  0  0  0  0  0  0  0  0  0  0  0  0  0  0  0  0  0  0  0  0  0  0  0  0  0  0  0  0  0  0  0
 0  0  0  0  0  0  0  0  0  0  0  0  0  0  0  0  0  0  0  0  0  0  0  0  0  0  0  0  0  0  0  0  0  0  0  0  0  0  0  0  0  0  0  0  0  0  0  0  0  0  0  0  0  0  0  0  0  0  0  0  0  0  0  0  0  0  0  0  0  0  0  0  0  0  0  0  0  0  0  0  0  0  0  0  0  0  0  0  0  0  0  0  0  0  0  0  0  0  0  0  0  0  0  0  0  0  0  0  0  0  0  0  0  0  0  0  0  0  0  0  0  0
 0  0  0  0  0  0  0  0  0  0  0  0  0  0  0  0  0  0  0  0  0  0  0  0  0  0  0  0  0  0  0  0  0  0  0  0  0  0  0  0  0  0  0  0  0  0  0  0  0  0  0  0  0  0  0  0  0  0  0  0  0  0  0  0  0  0  0  0  0  0  0  0  0  0  0  0  0  0  0  0  0  0  0  0  0  0  0  0  0  0  0  0  0  0  0  0  0  0  0  0  0  0  0  0  0  0  0  0  0  0  0  0  0  0  0  0  0  0  0  0  0  0
 0  0  0  0  0  0  0  0  0  0  0  0  0  0  0  0  0  0  0  0  0  0  0  0  0  0  0  0  0  0  0  0  0  0  0  0  0  0  0  0  0  0  0  0  0  0  0  0  0  0  0  0  0  0  0  0  0  0  0  0  0  0  0  0  0  0  0  0  0  0  0  0  0  0  0  0  0  0  0  0  0  0  0  0  0  0  0  0  0  0  0  0  0  0  0  0  0  0  0  0  0  0  0  0  0  0  0  0  0  0  0  0  0  0  0  0  0  0  0  0  0  0
 0  0  0  0  0  0  0  0  0  0  0  0  0  0  0  0  0  0  0  0  0  0  0  0  0  0  0  0  0  0  0  0  0  0  0  0  0  0  0  0  0  0  0  0  0  0  0  0  0  0  0  0  0  0  0  0  0  0  0  0  0  0  0  0  0  0  0  0  0  0  0  0  0  0  0  0  0  0  0  0  0  0  0  0  0  0  0  0  0  0  0  0  0  0  0  0  0  0  0  0  0  0  0  0  0  0  0  0  0  0  0  0  0  0  0  0  0  0  0  0  0  0
 0  0  0  0  0  0  0  0  0  0  0  0  0  0  0  0  0  0  0  0  0  0  0  0  0  0  0  0  0  0  0  0  0  0  0  0  0  0  0  0  0  0  0  0  0  0  0  0  0  0  0  0  0  0  0  0  0  0  0  0  0  0  0  0  0  0  0  0  0  0  0  0  0  0  0  0  0  0  0  0  0  0  0  0  0  0  0  0  0  0  0  0  0  0  0  0  0  0  0  0  0  0  0  0  0  0  0  0  0  0  0  0  0  0  0  0  0  0  0  0  0  0
 0  0  0  0  0  0  0  0  0  0  0  0  0  0  0  0  0  0  0  0  0  0  0  0  0  0  0  0  0  0  0  0  0  0  0  0  0  0  0  0  0  0  0  0  0  0  0  0  0  0  0  0  0  0  0  0  0  0  0  0  0  0  0  0  0  0  0  0  0  0  0  0  0  0  0  0  0  0  0  0  0  0  0  0  0  0  0  0  0  0  0  0  0  0  0  0  0  0  0  0  0  0  0  0  0  0  0  0  0  0  0  0  0  0  0  0  0  0  0  0  0  0
 0  0  0  0  0  0  0  0  0  0  0  0  0  0  0  0  0  0  0  0  0  0  0  0  0  0  0  0  0  0  0  0  0  0  0  0  0  0  0  0  0  0  0  0  0  0  0  0  0  0  0  0  0  0  0  0  0  0  0  0  0  0  0  0  0  0  0  0  0  0  0  0  0  0  0  0  0  0  0  0  0  0  0  0  0  0  0  0  0  0  0  0  0  0  0  0  0  0  0  0  0  0  0  0  0  0  0  0  0  0  0  0  0  0  0  0  0  0  0  0  0  0
 0  0  0  0  0  0  0  0  0  0  0  0  0  0  0  0  0  0  0  0  0  0  0  0  0  0  0  0  0  0  0  0  0  0  0  0  0  0  0  0  0  0  0  0  0  0  0  0  0  0  0  0  0  0  0  0  0  0  0  0  0  0  0  0  0  0  0  0  0  0  0  0  0  0  0  0  0  0  0  0  0  0  0  0  0  0  0  0  0  0  0  0  0  0  0  0  0  0  0  0  0  0  0  0  0  0  0  0  0  0  0  0  0  0  0  0  0  0  0  0  0  0
 0  0  0  0  0  0  0  0  0  0  0  0  0  0  0  0  0  0  0  0  0  0  0  0  0  0  0  0  0  0  0  0  0  0  0  0  0  0  0  0  0  0  0  0  0  0  0  0  0  0  0  0  0  0  0  0  0  0  0  0  0  0  0  0  0  0  0  0  0  0  0  0  0  0  0  0  0  0  0  0  0  0  0  0  0  0  0  0  0  0  0  0  0  0  0  0  0  0  0  0  0  0  0  0  0  0  0  0  0  0  0  0  0  0  0  0  0  0  0  0  0  0
 0  0  0  0  0  0  0  0  0  0  0  0  0  0  0  0  0  0  0  0  0  0  0  0  0  0  0  0  0  0  0  0  0  0  0  0  0  0  0  0  0  0  0  0  0  0  0  0  0  0  0  0  0  0  0  0  0  0  0  0  0  0  0  0  0  0  0  0  0  0  0  0  0  0  0  0  0  0  0  0  0  0  0  0  0  0  0  0  0  0  0  0  0  0  0  0  0  0  0  0  0  0  0  0  0  0  0  0  0  0  0  0  0  0  0  0  0  0  0  0  0  0
 0  0  0  0  0  0  0  0  0  0  0  0  0  0  0  0  0  0  0  0  0  0  0  0  0  0  0  0  0  0  0  0  0  0  0  0  0  0  0  0  0  0  0  0  0  0  0  0  0  0  0  0  0  0  0  0  0  0  0  0  0  0  0  0  0  0  0  0  0  0  0  0  0  0  0  0  0  0  0  0  0  0  0  0  0  0  0  0  0  0  0  0  0  0  0  0  0  0  0  0  0  0  0  0  0  0  0  0  0  0  0  0  0  0  0  0  0  0  0  0  0  0
 0  0  0  0  0  0  0  0  0  0  0  0  0  0  0  0  0  0  0  0  0  0  0  0  0  0  0  0  0  0  0  0  0  0  0  0  0  0  0  0  0  0  0  0  0  0  0  0  0  0  0  0  0  0  0  0  0  0  0  0  0  0  0  0  0  0  0  0  0  0  0  0  0  0  0  0  0  0  0  0  0  0  0  0  0  0  0  0  0  0  0  0  0  0  0  0  0  0  0  0  0  0  0  0  0  0  0  0  0  0  0  0  0  0  0  0  0  0  0  0  0  0
 0  0  0  0  0  0  0  0  0  0  0  0  0  0  0  0  0  0  0  0  0  0  0  0  0  0  0  0  0  0  0  0  0  0  0  0  0  0  0  0  0  0  0  0  0  0  0  0  0  0  0  0  0  0  0  0  0  0  0  0  0  0  0  0  0  0  0  0  0  0  0  0  0  0  0  0  0  0  0  0  0  0  0  0  0  0  0  0  0  0  0  0  0  0  0  0  0  0  0  0  0  0  0  0  0  0  0  0  0  0  0  0  0  0  0  0  0  0  0  0  0  0
 0  0  0  0  0  0  0  0  0  0  0  0  0  0  0  0  0  0  0  0  0  0  0  0  0  0  0  0  0  0  0  0  0  0  0  0  0  0  0  0  0  0  0  0  0  0  0  0  0  0  0  0  0  0  0  0  0  0  0  0  0  0  0  0  0  0  0  0  0  0  0  0  0  0  0  0  0  0  0  0  0  0  0  0  0  0  0  0  0  0  0  0  0  0  0  0  0  0  0  0  0  0  0  0  0  0  0  0  0  0  0  0  0  0  0  0  0  0  0  0  0  0
 0  0  0  0  0  0  0  0  0  0  0  0  0  0  0  0  0  0  0  0  0  0  0  0  0  0  0  0  0  0  0  0  0  0  0  0  0  0  0  0  0  0  0  0  0  0  0  0  0  0  0  0  0  0  0  0  0  0  0  0  0  0  0  0  0  0  0  0  0  0  0  0  0  0  0  0  0  0  0  0  0  0  0  0  0  0  0  0  0  0  0  0  0  0  0  0  0  0  0  0  0  0  0  0  0  0  0  0  0  0  0  0  0  0  0  0  0  0  0  0  0  0
 0  0  0  0  0  0  0  0  0  0  0  0  0  0  0  0  0  0  0  0  0  0  0  0  0  0  0  0  0  0  0  0  0  0  0  0  0  0  0  0  0  0  0  0  0  0  0  0  0  0  0  0  0  0  0  0  0  0  0  0  0  0  0  0  0  0  0  0  0  0  0  0  0  0  0  0  0  0  0  0  0  0  0  0  0  0  0  0  0  0  0  0  0  0  0  0  0  0  0  0  0  0  0  0  0  0  0  0  0  0  0  0  0  0  0  0  0  0  0  0  0  0
 0  0  0  0  0  0  0  0  0  0  0  0  0  0  0  0  0  0  0  0  0  0  0  0  0  0  0  0  0  0  0  0  0  0  0  0  0  0  0  0  0  0  0  0  0  0  0  0  0  0  0  0  0  0  0  0  0  0  0  0  0  0  0  0  0  0  0  0  0  0  0  0  0  0  0  0  0  0  0  0  0  0  0  0  0  0  0  0  0  0  0  0  0  0  0  0  0  0  0  0  0  0  0  0  0  0  0  0  0  0  0  0  0  0  0  0  0  0  0  0  0  0
 0  0  0  0  0  0  0  0  0  0  0  0  0  0  0  0  0  0  0  0  0  0  0  0  0  0  0  0  0  0  0  0  0  0  0  0  0  0  0  0  0  0  0  0  0  0  0  0  0  0  0  0  0  0  0  0  0  0  0  0  0  0  0  0  0  0  0  0  0  0  0  0  0  0  0  0  0  0  0  0  0  0  0  0  0  0  0  0  0  0  0  0  0  0  0  0  0  0  0  0  0  0  0  0  0  0  0  0  0  0  0  0  0  0  0  0  0  0  0  0  0  0
 0  0  0  0  0  0  0  0  0  0  0  0  0  0  0  0  0  0  0  0  0  0  0  0  0  0  0  0  0  0  0  0  0  0  0  0  0  0  0  0  0  0  0  0  0  0  0  0  0  0  0  0  0  0  0  0  0  0  0  0  0  0  0  0  0  0  0  0  0  0  0  0  0  0  0  0  0  0  0  0  0  0  0  0  0  0  0  0  0  0  0  0  0  0  0  0  0  0  0  0  0  0  0  0  0  0  0  0  0  0  0  0  0  0  0  0  0  0  0  0  0  0
 0  0  0  0  0  0  0  0  0  0  0  0  0  0  0  0  0  0  0  0  0  0  0  0  0  0  0  0  0  0  0  0  0  0  0  0  0  0  0  0  0  0  0  0  0  0  0  0  0  0  0  0  0  0  0  0  0  0  0  0  0  0  0  0  0  0  0  0  0  0  0  0  0  0  0  0  0  0  0  0  0  0  0  0  0  0  0  0  0  0  0  0  0  0  0  0  0  0  0  0  0  0  0  0  0  0  0  0  0  0  0  0  0  0  0  0  0  0  0  0  0  0
 0  0  0  0  0  0  0  0  0  0  0  0  0  0  0  0  0  0  0  0  0  0  0  0  0  0  0  0  0  0  0  0  0  0  0  0  0  0  0  0  0  0  0  0  0  0  0  0  0  0  0  0  0  0  0  0  0  0  0  0  0  0  0  0  0  0  0  0  0  0  0  0  0  0  0  0  0  0  0  0  0  0  0  0  0  0  0  0  0  0  0  0  0  0  0  0  0  0  0  0  0  0  0  0  0 -3  0  0  0  0 -3  0  0  0  0  0  0  0  0  0  0  0
 0  0  0  0  0  0  0  0  0  0  0  0  0  0  0  0  0  0  0  0  0  0  0  0  0  0  0  0  0  0  0  0  0  0  0  0  0  0  0  0  0  0  0  0  0  0  0  0  0  0  0  0  0  0  0  0  0  0  0  0  0  0  0  0  0  0  0  0  0  0  0  0  0  0  0  0  0  0  0  0  0  0  0  0  0  0  0  0  0  0  0  0  0  0  0  0  0  0 53 53  0  0 53 53  0  0 -3 -3  0  0  0 -3 -3  0  0  0  0  0  0  0  0  0
 0  0  0  0  0  0 -1  0  0  0  0  0  0  0  0  0  0  0  0  0  0  0  0  0  0  0  0  0  0  0  0  0  0  0  0  0  0  0  0  0  0  0  0  0  0  0  0  0  0  0  0  0  0  0  0  0  0  0  0  0  0  0  0  0  0  0  0  0  0  0  0  0  0  0  0  0  0  0  0  0  0  0  0  0  0  0 -2  0 -2  0  0 53  0 53 53  0 53 53  0  0 53  0  0  0 -3  0  0  0 -3 -3  0  0  0 -3 -3  0  0  0  0  0  0  0
 0  0  0  0 -1 -1  0  0  0  0 -1  0  0  0 58  0  0  0  0  0  0  0  0  0  0  0  0  0  0  0  0  0  0  0  0  0  0  0  0  0  0  0  0  0  0  0  0  0  0  0  0  0  0  0  0  0  0  0  0  0  0  0  0  0  0  0  0  0  0  0  0  0  0  0 54  0 54  0  0  0 54  0 54  0 -2  0  0 -2  0 -2  0  0 53  0  0 53  0  0 53  0  0 53 53  0  0 -3 -3  0  0  0 -3  0  0  0  0 -3 -3  0  0  0  0  0
 0  0  0 -1  0  0  0  0 -1 -1  0  0  0 58  0  0  0 58  0  0  0 58  0  0  0  0  0  0 57  0 57  0  0 57  0 57  0  0  0  0  0  0  0 56  0 56  0  0 56  0  0  0 56 56  0  0  0  0  0 55  0 55 55  0 55 55  0 55 55  0 54  0 54 54  0 54  0 54 54  0 54  0 -2  0  0 -2  0 -2  0  0 -2  0 53  0  0  0 53  0  0 53  0  0  0 53  0  0  0 -3  0  0  0 -3 -3  0  0  0  0 -3  0  0  0  0
 0 -1 -1  0  0  0 -1 -1  0  0  0 58 58  0  0  0 58  0  0  0 58  0  0 58 58  0 57 57  0 57  0  0 57  0 57  0 57 57  0 57  0 56  0 56  0 56  0 56 56  0 56 56  0 56  0 55 55  0 55 55  0 55 55  0 55 55  0 55  0 54 54  0 54 54  0 54  0 54  0 54  0 54  0 -2 -2  0 -2  0 -2  0  0 53  0 53 53  0 53 53  0  0 53  0  0  0 -3  0  0  0 -3 -3  0  0  0 -3 -3  0  0  0 -3 -3  0  0
-1  0  0  0  0 -1  0  0  0  0 -1 -1  0  0  0 58  0  0 58 58  0  0 58  0  0 58  0  0 57  0  0 57  0  0 57  0 57  0 57  0 56 56 56  0 56  0 56  0 56  0 56 56  0  0  0 55 55  0 55 55  0 55 55  0 55 55  0  0  0 54 54  0 54  0 54  0 54  0 54 54 54  0 54  0 -2  0 -2  0  0 -2  0  0 53  0  0 53  0  0 53  0  0 53 53  0  0 -3  0  0  0 -3 -3  0  0  0  0 -3  0  0  0  0 -3  0
 0  0  0 -1 -1  0  0  0  0 -1  0  0  0 58 58  0  0 58  0  0  0 58  0  0 58  0  0  0 57  0 57 57  0 57  0 57  0 57  0  0 57  0 56  0 56  0 56 56  0 56  0 56  0 56 56  0 56  0 55 55  0 55 55  0 55  0 55 55  0 54  0 54  0 54 54  0 54  0 54  0 54  0  0 -2  0 -2  0 -2  0 -2 -2  0 53  0  0  0 53  0  0 53  0  0  0 53  0  0 -3 -3  0  0  0 -3  0  0  0  0 -3 -3  0  0  0  0
 0  0 -1 -1  0  0  0 -1 -1  0  0  0 58  0  0  0 58  0  0  0 58  0  0  0 58  0  0 57  0 57  0  0 57  0 57  0  0 57  0 57  0 56  0 56  0 56  0 56  0 56  0 56  0 56 56  0 56  0 55 55  0 55 55  0 55  0 55 55  0 54  0 54  0 54  0 54  0 54  0 54  0 54  0 -2  0  0 -2  0 -2  0  0 53  0 53  0  0 53  0  0  0 53  0  0  0 -3  0  0  0 -3  0  0  0 -3 -3  0  0  0 -3 -3  0  0  0
 0  0  0  0  0  0 -1  0  0  0 -1 58  0  0  0 58  0  0  0 58  0  0 58 58  0 58 57  0 57  0  0  0 57  0 57  0 57  0 57  0  0 56  0 56  0 56  0 56  0 56 56  0 56  0 56  0 56 55  0 55  0 55  0 55 55  0 55  0 55  0 54 54  0 54  0 54  0 54  0 54  0  0 54  0 -2  0 -2  0 -2  0  0  0 53  0 53 53  0 53 53  0  0 53  0  0  0 -3  0  0  0 -3 -3  0  0  0 -3  0  0  0  0  0  0  0
 0  0  0  0 -1 -1  0  0  0  0 -1  0  0  0 58  0  0  0 58  0  0 58  0  0  0 58  0  0 57  0  0 57  0 57  0  0 57  0 57  0 56  0 56  0  0 56 56  0 56  0 56  0 56  0 56  0 56  0  0  0  0  0  0  0 55  0 55  0 55  0 54  0 54  0 54 54  0  0 54  0 54  0 54  0 -2  0  0 -2  0 -2  0  0 53  0  0 53  0  0  0 53  0  0 53  0  0  0 -3  0  0  0 -3  0  0  0  0 -3 -3  0  0  0  0  0
 0  0  0 -1  0  0  0  0 -1 -1  0  0 58 58  0  0 58 58  0  0  0 58  0  0 58  0  0 57  0  0 57  0  0 57  0 57  0 57  0  0 57  0 56  0 56  0  0  0 56  0  0  0 56  0 56 56  0 55  0 55  0 55  0 55  0 55 55  0 55  0  0  0 54  0  0  0 54  0 54  0 54  0  0 -2  0 -2  0 -2  0  0 -2  0  0 53  0  0 53  0  0 53  0  0  0 53 53  0  0 -3 -3  0  0 -3 -3  0  0  0  0 -3  0  0  0  0
 0  0  0  0  0  0  0 -1  0  0  0 58  0  0  0  0 58  0  0 58 58  0  0 58  0  0 57  0  0 57  0  0 57  0 57  0  0 57  0 57  0 56  0  0 56  0 56  0 56  0 56  0 56  0 56  0  0 55  0 55  0 55  0 55  0  0 55  0 55  0 54  0 54  0 54  0 54  0  0 54  0 54  0 -2  0  0 -2  0 -2  0  0 53  0  0 53  0  0 53  0  0 53 53  0  0 -3  0  0  0  0 -3  0  0  0 -3  0  0  0  0  0  0  0  0
 0  0  0  0  0 -1 -1  0  0  0 -1  0  0  0  0 58  0  0 58  0  0  0 58  0  0 58 57  0 57  0  0 57  0  0 57  0 57  0  0 57  0 56  0 56  0  0 56 56  0  0 56 56  0 56  0 56  0 55  0 55  0 55  0 55  0 55  0 55  0 55 54  0  0 54 54  0  0 54  0 54  0 54  0  0 -2  0 -2  0  0 -2  0  0 53  0 53 53  0  0 53  0  0  0 53  0  0 -3  0  0  0  0 -3  0  0  0 -3 -3  0  0  0  0  0  0
 0  0  0  0  0  0  0  0  0 -1 -1  0  0 58 58  0  0 58  0  0  0 58  0  0 58  0  0  0 57  0  0 57  0 57  0  0 57  0 57  0  0 56  0 56  0 56  0 56  0 56  0 56  0 56  0 56  0 55  0 55  0 55  0 55  0 55  0 55  0 54  0 54  0 54  0 54  0 54  0 54  0  0 54  0 -2  0  0 -2  0 -2  0  0 53  0  0  0 53  0  0 53  0  0  0 53  0  0 -3 -3  0  0 -3 -3  0  0  0  0  0  0  0  0  0  0
 0  0  0  0  0  0  0  0 -1  0  0  0 58  0  0  0  0 58  0  0 58  0  0  0 58  0  0 57  0  0 57  0  0 57  0 57  0  0 57  0 56  0  0 56  0 56  0 56  0 56  0 56  0  0  0 56  0 55  0 55  0 55  0 55  0 55  0  0  0 54  0 54  0 54  0 54  0 54  0  0 54  0 -2  0  0 -2  0 -2  0  0 53  0  0 53  0  0 53  0  0  0 53  0  0 53  0  0  0  0 -3  0  0  0 -3  0  0  0  0  0  0  0  0  0
 0  0  0  0  0  0  0 -1  0  0  0  0 58  0  0 58 58  0  0 58  0  0  0 58  0  0 57  0  0 57  0  0 57  0  0 57  0 57  0  0 57  0 56  0 56  0 56  0  0 56  0 56  0 56  0 56  0 55  0 55  0 55  0 55  0 55  0 55  0 54  0 54  0  0 54  0 54  0 54  0 54  0  0 -2  0 -2  0  0 -2  0  0 53  0  0 53  0  0 53  0  0  0 53  0  0 -3 -3  0  0 -3  0  0  0  0 -3  0  0  0  0  0  0  0  0
 0  0  0  0  0  0  0  0  0  0 -1 -1  0  0 58  0  0  0 58 58  0  0 58  0  0  0 57  0 57  0  0  0 57  0 57  0  0 57  0 57  0  0 56  0 56  0 56  0  0 56  0 56  0 56  0 56  0 55  0 55  0 55  0 55  0 55  0 55  0 54  0 54  0  0 54  0 54  0 54  0  0 54  0 -2  0  0 -2  0 -2  0  0  0 53  0 53  0  0  0 53  0  0 53 53  0  0  0 -3  0  0 -3 -3  0  0  0  0  0  0  0  0  0  0  0
 0  0  0  0  0  0  0  0  0 -1  0  0  0  0 58  0  0 58  0  0  0 58  0  0 58 58  0  0 57  0  0 57  0  0 57  0 57  0  0 57  0 56  0  0 56  0 56  0 56  0 56  0  0 56  0 56  0 55  0 55  0 55  0 55  0 55  0 55  0  0 54  0 54  0 54  0 54  0  0 54  0 54  0  0 -2  0 -2  0  0 -2  0  0 53  0  0 53 53  0  0 53  0  0  0 53  0  0 -3  0  0  0  0 -3  0  0  0  0  0  0  0  0  0  0
 0  0  0  0  0  0  0  0  0  0  0  0 58 58  0  0 58  0  0  0 58  0  0  0 58  0  0 57  0  0 57  0  0 57  0  0 57  0 57  0  0 56  0 56  0  0 56  0 56  0 56  0 56  0  0 56  0 55  0 55  0 55  0 55  0 55  0  0 55  0 54  0 54  0 54  0  0 54  0 54  0  0 54  0 -2  0  0 -2  0  0 -2  0  0 53  0  0 53  0  0  0 53  0  0  0 53  0  0 -3 -3  0  0  0  0  0  0  0  0  0  0  0  0  0
 0  0  0  0  0  0  0  0  0  0  0 58  0  0  0  0 58  0  0 58  0  0  0 58  0  0 57  0  0 57 57  0 57  0  0 57  0  0 57  0 56  0  0 56  0  0  0  0 56  0  0  0 56  0 56  0  0 55  0 55  0 55  0 55  0 55  0  0 55  0  0  0 54  0  0  0  0 54  0  0 54  0 54  0  0 -2  0 -2  0  0 -2 53  0  0 53  0  0 53  0  0  0 53  0  0 -3  0  0  0  0 -3  0  0  0  0  0  0  0  0  0  0  0  0
 0  0  0  0  0  0  0  0  0  0  0  0  0  0  0 58  0  0  0 58  0  0 58  0  0  0 57  0  0 57  0  0 57  0  0 57  0 57  0  0 56  0  0 56  0 56  0 56  0  0 56  0 56  0 56  0  0 55  0  0  0  0  0 55  0  0 55  0 55  0 54  0  0 54  0 54  0 54  0  0 54  0  0 -2  0 -2  0  0 -2  0  0 53  0  0 53  0  0  0 53  0  0 53  0  0  0 -3  0  0  0  0  0  0  0  0  0  0  0  0  0  0  0  0
 0  0  0  0  0  0  0  0  0  0  0  0  0  0 58  0  0  0 58  0  0  0 58  0  0 58  0  0 57  0  0 57  0  0 57  0  0 57  0  0 57  0 56  0  0 56  0 56  0  0 56  0 56  0 56  0  0  0  0 55  0 55  0  0  0  0 55  0 55  0 54  0  0 54  0 54  0  0 54  0 54  0  0 -2  0  0 -2  0  0 -2  0  0 53  0  0 53  0  0 53  0  0  0 53  0  0  0 -3  0  0  0  0  0  0  0  0  0  0  0  0  0  0  0
 0  0  0  0  0  0  0  0  0  0  0  0  0  0  0  0  0 58  0  0  0 58  0  0  0 58  0 57  0  0  0 57  0  0 57  0  0 57  0 57  0  0 56  0  0 56  0 56  0 56  0  0 56  0 56  0  0 55  0 55  0 55  0 55  0  0 55  0 55  0  0 54  0 54  0 54  0  0 54  0  0 54  0 -2  0  0 -2  0  0 -2  0  0  0 53  0 53  0  0  0 53  0  0  0 53  0  0  0  0  0  0  0  0  0  0  0  0  0  0  0  0  0  0
 0  0  0  0  0  0  0  0  0  0  0  0  0  0  0  0 58 58  0  0 58  0  0 58 58  0  0 57  0  0 57  0  0 57  0  0 57  0  0 57  0  0 56  0 56  0  0 56  0 56  0  0 56  0  0  0 55  0  0 55  0 55  0  0 55  0  0  0 55  0  0 54  0 54  0  0 54  0 54  0  0 54  0  0 -2  0  0 -2  0  0 -2  0  0 53  0  0 53 53  0  0 53  0  0 53 -3  0  0  0  0  0  0  0  0  0  0  0  0  0  0  0  0  0
 0  0  0  0  0  0  0  0  0  0  0  0  0  0  0  0  0  0  0 58 58  0  0 58  0  0 57  0  0  0 57  0  0 57  0  0 57  0 57  0  0 56  0  0 56  0 56  0  0 56  0 56  0  0 56  0 55  0  0 55  0 55  0  0 55  0 55  0  0 55  0 54  0  0 54  0 54  0  0 54  0  0 54  0 -2  0  0 -2  0  0 -2  0  0  0 53  0  0 53  0  0 53 53  0  0  0  0  0  0  0  0  0  0  0  0  0  0  0  0  0  0  0  0
 0  0  0  0  0  0  0  0  0  0  0  0  0  0  0  0  0  0 58  0  0  0 58  0  0  0 57  0  0 57  0  0 57  0  0 57  0  0 57  0  0 56  0  0 56  0 56  0  0 56  0 56  0  0 56  0 55  0  0 55  0 55  0  0 55  0 55  0  0 54  0 54  0  0 54  0 54  0  0 54  0  0 54  0  0 -2  0  0 -2  0  0 53  0  0 53  0  0  0 53  0  0  0 53  0  0  0  0  0  0  0  0  0  0  0  0  0  0  0  0  0  0  0
 0  0  0  0  0  0  0  0  0  0  0  0  0  0  0  0  0  0  0  0  0 58  0  0  0 58  0  0  0 57  0  0 57  0  0 57  0  0 57  0  0 56  0 56  0  0  0  0  0 56  0 56  0  0 56  0 55  0  0 55  0 55  0  0 55  0 55  0  0 54  0 54  0  0  0  0  0 54  0 54  0  0 54  0  0 -2  0  0 -2  0  0 53  0  0  0 53  0  0  0 53  0  0  0  0  0  0  0  0  0  0  0  0  0  0  0  0  0  0  0  0  0  0
 0  0  0  0  0  0  0  0  0  0  0  0  0  0  0  0  0  0  0  0  0 58  0  0  0 58  0  0 57  0  0 57  0  0 57  0  0 57  0  0 56  0  0 56  0  0 56  0 56  0  0  0  0  0 56  0 55  0  0 55  0 55  0  0 55  0 55  0  0  0  0  0 54  0 54  0  0 54  0  0 54  0  0 -2  0  0 -2  0  0 -2  0  0 53  0  0 53  0  0  0 53  0  0  0  0  0  0  0  0  0  0  0  0  0  0  0  0  0  0  0  0  0  0
 0  0  0  0  0  0  0  0  0  0  0  0  0  0  0  0  0  0  0  0  0  0  0  0 58  0  0 57 57  0  0 57  0  0 57  0  0 57  0  0 56  0  0 56  0  0 56  0 56  0  0 56  0  0 56  0 55  0  0 55  0 55  0  0 55  0 55  0  0 54  0  0 54  0 54  0  0 54  0  0 54  0  0 -2  0  0 -2  0  0 -2  0  0 53 53  0  0 53  0  0  0  0  0  0  0  0  0  0  0  0  0  0  0  0  0  0  0  0  0  0  0  0  0
 0  0  0  0  0  0  0  0  0  0  0  0  0  0  0  0  0  0  0  0  0  0  0 58  0  0  0 57  0  0 57  0  0 57  0  0 57  0  0 57  0  0 56  0  0 56  0  0 56  0  0 56  0 56  0  0 55  0  0 55  0 55  0  0 55  0  0 55  0 54  0  0 54  0  0 54  0  0 54  0  0 54  0  0 -2  0  0 -2  0  0 -2  0  0 53  0  0  0 53  0  0  0  0  0  0  0  0  0  0  0  0  0  0  0  0  0  0  0  0  0  0  0  0
 0  0  0  0  0  0  0  0  0  0  0  0  0  0  0  0  0  0  0  0  0  0  0  0  0  0 57  0  0  0 57  0  0 57  0  0 57  0  0 57  0  0 56  0  0 56  0  0 56  0  0 56  0 56  0  0 55  0  0 55  0 55  0  0 55  0  0 55  0 54  0  0 54  0  0 54  0  0 54  0  0 54  0  0 -2  0  0 -2  0  0 -2  0  0  0 53  0  0  0  0  0  0  0  0  0  0  0  0  0  0  0  0  0  0  0  0  0  0  0  0  0  0  0
 0  0  0  0  0  0  0  0  0  0  0  0  0  0  0  0  0  0  0  0  0  0  0  0  0  0  0  0  0 57  0  0 57  0  0  0 57  0  0 57  0  0 56  0  0 56  0  0 56  0 56  0  0 56  0  0 55  0  0  0  0  0  0  0 55  0  0 55  0  0 54  0 54  0  0 54  0  0 54  0  0 54  0  0 -2  0  0  0 -2  0  0 53  0  0  0  0  0  0  0  0  0  0  0  0  0  0  0  0  0  0  0  0  0  0  0  0  0  0  0  0  0  0
 0  0  0  0  0  0  0  0  0  0  0  0  0  0  0  0  0  0  0  0  0  0  0  0  0  0  0  0  0 57  0  0 57  0  0 57  0  0 57  0  0 56  0  0  0 56  0  0  0  0 56  0  0 56  0  0  0  0  0 55  0 55  0  0  0  0  0 55  0  0 54  0  0  0  0 54  0  0  0 54  0  0 54  0  0 -2  0  0 -2  0  0 53  0  0  0  0  0  0  0  0  0  0  0  0  0  0  0  0  0  0  0  0  0  0  0  0  0  0  0  0  0  0
 0  0  0  0  0  0  0  0  0  0  0  0  0  0  0  0  0  0  0  0  0  0  0  0  0  0  0  0  0  0  0  0 57  0  0 57  0  0 57  0  0 56  0  0 56  0  0 56  0  0 56  0  0 56  0  0 55  0  0 55  0 55  0  0 55  0  0 55  0  0 54  0  0 54  0  0 54  0  0 54  0  0 54  0  0 -2  0  0  0  0  0  0  0  0  0  0  0  0  0  0  0  0  0  0  0  0  0  0  0  0  0  0  0  0  0  0  0  0  0  0  0  0
 0  0  0  0  0  0  0  0  0  0  0  0  0  0  0  0  0  0  0  0  0  0  0  0  0  0  0  0  0  0  0  0  0  0 57  0  0  0 57  0  0 56  0  0 56  0  0 56  0  0 56  0  0 56  0  0 55  0  0 55  0 55  0  0 55  0  0 55  0  0 54  0  0 54  0  0 54  0  0 54  0  0 54  0  0  0 -4  0  0  0  0  0  0  0  0  0  0  0  0  0  0  0  0  0  0  0  0  0  0  0  0  0  0  0  0  0  0  0  0  0  0  0
 0  0  0  0  0  0  0  0  0  0  0  0  0  0  0  0  0  0  0  0  0  0  0  0  0  0  0  0  0  0  0  0  0  0  0  0  0 -4  0  0  0 -4  0  0 56  0  0 56  0  0 56  0  0  0  0  0 55  0  0 55  0 55  0  0 55  0  0  0  0  0 54  0  0 54  0  0 54  0  0 54  0  0  0 -4  0  0  0  0  0  0  0  0  0  0  0  0  0  0  0  0  0  0  0  0  0  0  0  0  0  0  0  0  0  0  0  0  0  0  0  0  0  0
 0  0  0  0  0  0  0  0  0  0  0  0  0  0  0  0  0  0  0  0  0  0  0  0  0  0  0  0  0  0  0  0  0  0  0  0  0  0  0  0 -4  0  0 -4  0  0  0 -4  0  0 -4  0  0 -4  0  0 -4  0  0 -4  0 -4  0  0 -4  0  0 -4  0  0 -4  0  0 -4  0  0  0 -4  0  0 -4  0  0  0  0  0  0  0  0  0  0  0  0  0  0  0  0  0  0  0  0  0  0  0  0  0  0  0  0  0  0  0  0  0  0  0  0  0  0  0  0  0
 0  0  0  0  0  0  0  0  0  0  0  0  0  0  0  0  0  0  0  0  0  0  0  0  0  0  0  0  0  0  0  0  0  0  0  0  0  0  0  0  0  0  0 -4  0  0 -4  0  0 -4  0  0  0 -4  0  0 -4  0  0 -4  0 -4  0  0 -4  0  0 -4  0  0  0 -4  0  0 -4  0  0 -4  0  0  0  0  0  0  0  0  0  0  0  0  0  0  0  0  0  0  0  0  0  0  0  0  0  0  0  0  0  0  0  0  0  0  0  0  0  0  0  0  0  0  0  0
 0  0  0  0  0  0  0  0  0  0  0  0  0  0  0  0  0  0  0  0  0  0  0  0  0  0  0  0  0  0  0  0  0  0  0  0  0  0  0  0  0  0  0  0  0  0 -4  0  0 -4  0  0 -4  0  0 -4  0  0 -4  0  0  0 -4  0  0 -4  0  0 -4  0  0 -4  0  0 -4  0  0  0  0  0  0  0  0  0  0  0  0  0  0  0  0  0  0  0  0  0  0  0  0  0  0  0  0  0  0  0  0  0  0  0  0  0  0  0  0  0  0  0  0  0  0  0
 0  0  0  0  0  0  0  0  0  0  0  0  0  0  0  0  0  0  0  0  0  0  0  0  0  0  0  0  0  0  0  0  0  0  0  0  0  0  0  0  0  0  0  0  0  0  0  0  0  0  0  0 -4  0  0 -4  0  0 -4  0  0  0 -4  0  0 -4  0  0 -4  0  0  0  0  0  0  0  0  0  0  0  0  0  0  0  0  0  0  0  0  0  0  0  0  0  0  0  0  0  0  0  0  0  0  0  0  0  0  0  0  0  0  0  0  0  0  0  0  0  0  0  0  0
