# Total Overlapped Pixels: 161
# Number of pixels covered:
# 53: 118, 54: 165, 55: 161, 56: 168, 57: 143, 58: 96, 1: 35, 2: 87, 3: 79, 4: 40, 
# 
 0  0  0  0  0  0  0  0  0  0  0  0  0  0  0  0  0  0  0  0  0  0  0  0  0  0  0  0  0  0  0  0  0  0  0  0  0  0  0  0  0  0  0  0  0  0  0  0  0  0  0  0  0  0  0  0  0  0  0  0  0  0  0  0  0  0  0  0  0  0  0  0  0  0  0  0  0  0  0  0  0  0  0  0  0  0  0  0  0  0  0  0  0  0  0  0  0  0
 0  0  0  0  0  0  0  0  0  0  0  0  0  0  0  0  0  0  0  0  0  0  0  0  0  0  0  0  0  0  0  0  0  0  0  0  0  0  0  0  0  0  0  0  0  0  0  0  0  0  0  0  0  0  0  0  0  0  0  0  0  0  0  0  0  0  0  0  0  0  0  0  0  0  0  0  0  0  0  0  0  0  0  0  0  0  0  0  0  0  0  0  0  0  0  0  0  0
 0  0  0  0  0  0  0  0  0  0  0  0  0  0  0  0  0  0  0  0  0  0  0  0  0  0  0  0  0  0  0  0  0  0  0  0  0  0  0  0  0  0  0  0  0  0  0  0  0  0  0  0  0  0  0  0  0  0  0  0  0  0  0  0  0  0  0  0  0  0  0  0  0  0  0  0  0  0  0  0  0  0  0  0  0  0  0  0  0  0  0  0  0  0  0  0  0  0
 0  0  0  0  0  0  0  0  0  0  0  0  0  0  0  0  0  0  0  0  0  0  0  0  0  0  0  0  0  0  0  0  0  0  0  0  0  0  0  0  0  0  0  0  0  0  0  0  0  0  0  0  0  0  0  0  0  0  0  0  0  0  0  0  0  0  0  0  0  0  0  0  0  0  0  0  0  0  0  0  0  0  0  0  0  0  0  0  0  0  0  0  0  0  0  0  0  0
 0  0  0  0  0  0  0  0  0  0  0  0  0  0  0  0  0  0  0  0  0  0  0  0  0  0  0  0  0  0  0  0  0  0  0  0  0  0  0  0  0  0  0  0  0  0  0  0  0  0  0  0  0  0  0  0  0  0  0  0  0  0  0  0  0  0  0  0  0  0  0  0  0  0  0  0  0  0  0  0  0  0  0  0  0  0  0  0  0  0  0  0  0  0  0  0  0  0
 0  0  0  0  0  0  0  0  0  0  0  0  0  0  0  0  0  0  0  0  0  0  0  0  0  0  0  0  0  0  0  0  0  0  0  0  0  0  0  0  0  0  0  0  0  0  0  0  0  0  0  0  0  0  0  0  0  0  0  0  0  0  0  0  0  0  0  0  0  0  0  0  0  0  0  0  0  0  0  0  0  0  0  0  0  0  0  0  0  0  0  0  0  0  0  0  0  0
 0  0  0  0  0  0  0  0  0  0  0  0  0  0  0  0  0  0  0  0  0  0  0  0  0  0  0  0  0  0  0  0  0  0  0  0  0  0  0  0  0  0  0  0  0  0  0  0  0  0  0  0  0  0  0  0  0  0  0  0  0  0  0  0  0  0  0  0  0  0  0  0  0  0  0  0  0  0  0  0  0  0  0  0  0  0  0  0  0  0  0  0  0  0  0  0  0  0
 0  0  0  0  0  0  0  0  0  0  0  0  0  0  0  0  0  0  0  0  0  0  0  0  0  0  0  0  0  0  0  0  0  0  0  0  0  0  0  0  0  0  0  0  0  0  0  0  0  0  0  0  0  0  0  0  0  0  0  0  0  0  0  0  0  0  0  0  0  0  0  0  0  0  0  0  0  0  0  0  0  0  0  0  0  0  0  0  0  0  0  0  0  0  0  0  0  0
 0  0  0  0  0  0  0  0  0  0  0  0  0  0  0  0  0  0  0  0  0  0  0  0  0  0  0  0  0  0  0  0  0  0  0  0  0  0  0  0  0  0  0  0  0  0  0  0  0  0  0  0  0  0  0  0  0  0  0  0  0  0  0  0  0  0  0  0  0  0  0  0  0  0  0  0  0  0  0  0  0  0  0  0  0  0  0  0  0  0  0  0  0  0  0  0  0  0
 0  0  0  0  0  0  0  0  0  0  0  0  0  0  0  0  0  0  0  0  0  0  0  0  0  0  0  0  0  0  0  0  0  0  0  0  0  0  0  0  0  0  0  0  0  0  0  0  0  0  0  0  0  0  0  0  0  0  0  0  0  0  0  0  0  0  0  0  0  0  0  0  0  0  0  0  0  0  0  0  0  0  0  0  0  0  0  0  0  0  0  0  0  0  0  0  0  0
 0  0  0  0  0  0  0  0  0  0  0  0  0  0  0  0  0  0  0  0  0  0  0  0  0  0  0  0  0  0  0  0  0  0  0  0  0  0  0  0  0  0  0  0  0  0  0  0  0  0  0  0  0  0  0  0  0  0  0  0  0  0  0  0  0  0  0  0  0  0  0  0  0  0  0  0  0  0  0  0  0  0  0  0  0  0  0  0  0  0  0  0  0  0  0  0  0  0
 0  0  0  0  0  0  0  0  0  0  0  0  0  0  0  0  0  0  0  0  0  0  0  0  0  0  0  0  0  0  0  0  0  0  0  0  0  0  0  0  0  0  0  0  0  0  0  0  0  0  0  0  0  0  0  0  0  0  0  0  0  0  0  0  0  0  0  0  0  0  0  0  0  0  0  0  0  0  0  0  0  0  0  0  0  0  0  0  0  0  0  0  0  0  0  0  0  0
 0  0  0  0  0  0  0  0  0  0  0  0  0  0  0  0  0  0  0  0  0  0  0  0  0  0  0  0  0  0  0  0  0  0  0  0  0  0  0  0  0  0  0  0  0  0  0  0  0  0  0  0  0  0  0  0  0  0  0  0  0  0  0  0  0  0  0  0  0  0  0  0  0  0  0  0  0  0  0  0  0  0  0  0  0  0  0  0  0  0  0  0  0  0  0  0  0  0
 0  0  0  0  0  0  0  0  0  0  0  0  0  0  0  0  0  0  0  0  0  0  0  0  0  0  0  0  0  0  0  0  0  0  0  0  0  0  0  0  0  0  0  0  0  0  0  0  0  0  0  0  0  0  0  0  0  0  0  0  0  0  0  0  0  0  0  0  0  0  0  0  0  0  0  0  0  0  0  0  0  0  0  0  0  0  0  0  0  0  0  0  0  0  0  0  0  0
 0  0  0  0  0  0  0  0  0  0  0  0  0  0  0  0  0  0  0  0  0  0  0  0  0  0  0  0  0  0  0  0  0  0  0  0  0  0  0  0  0  0  0  0  0  0  0  0  0  0  0  0  0  0  0  0  0  0  0  0  0  0  0  0  0  0  0  0  0  0  0  0  0  0  0  0  0  0  0  0  0  0  0  0  0  0  0  0  0  0  0  0  0  0  0  0  0  0
 0  0  0  0  0  0  0  0  0  0  0  0  0  0  0  0  0  0  0  0  0  0  0  0  0  0  0  0  0  0  0  0  0  0  0  0  0  0  0  0  0  0  0  0  0  0  0  0  0  0  0  0  0  0  0  0  0  0  0  0  0  0  0  0  0  0  0  0  0  0  0  0  0  0  0  0  0  0  0  0  0  0  0  0  0  0  0  0  0  0  0  0  0  0  0  0  0  0
 0  0  0  0  0  0  0  0  0  0  0  0  0  0  0  0  0  0  0  0  0  0  0  0  0  0  0  0  0  0  0  0  0  0  0  0  0  0  0  0  0  0  0  0  0  0  0  0  0  0  0  0  0  0  0  0  0  0  0  0  0  0  0  0  0  0  0  0  0  0  0  0  0  0  0  0  0  0  0  0  0  0  0  0  0  0  0  0  0  0  0  0  0  0  0  0  0  0
 0  0  0  0  0  0  0  0  0  0  0  0  0  0  0  0  0  0  0  0  0  0  0  0  0  0  0  0  0  0  0  0  0  0  0  0  0  0  0  0  0  0  0  0  0  0  0  0  0  0  0  0  0  0  0  0  0  0  0  0  0  0  0  0  0  0  0  0  0  0  0  0  0  0  0  0  0  0  0  0  0  0  0  0  0  0  0  0  0  0  0  0  0  0  0  0  0  0
 0  0  0  0  0  0  0  0  0  0  0  0  0  0  0  0  0  0  0  0  0  0  0  0  0  0  0  0  0  0  0  0  0  0  0  0  0  0  0  0  0  0  0  0  0  0  0  0  0  0  0  0  0  0  0  0  0  0  0  0  0  0  0  0  0  0  0  0  0  0  0  0  0  0  0  0  0  0  0  0  0  0  0  0  0  0  0  0  0  0  0  0  0  0  0  0  0  0
 0  0  0  0  0  0  0  0  0  0  0  0  0  0  0  0  0  0  0  0  0  0  0  0  0  0  0  0  0  0  0  0  0  0  0  0  0  0  0  0  0  0  0  0  0  0  0  0  0  0  0  0  0  0  0  0  0  0  0  0  0  0  0  0  0  0  0  0  0  0  0  0  0  0  0  0  0  0  0  0  0  0  0  0  0  0  0  0  0  0  0  0  0  0  0  0  0  0
 0  0  0  0  0  0  0  0  0  0  0  0  0  0  0  0  0  0  0  0  0  0  0  0  0  0  0  0  0  0  0  0  0  0  0  0  0  0  0  0  0  0  0  0  0  0  0  0  0  0  0  0  0  0  0  0  0  0  0  0  0  0  0  0  0  0  0  0  0  0  0  0  0  0  0  0  0  0  0  0  0  0  0  0  0  0  0  0  0  0  0  0  0  0  0  0  0  0
 0  0  0  0  0  0  0  0  0  0  0  0  0  0  0  0  0  0  0  0  0  0  0  0  0  0  0  0  0  0  0  0  0  0  0  0  0  0  0  0  0  0  0  0  0  0  0  0  0  0  0  0  0  0  0  0  0  0  0  0  0  0  0  0  0  0  0  0  0  0  0  0  0  0  0  0  0  0  0  0  0  0  0  0  0  0  0  0  0  0  0  0  0  0  0  0  0  0
 0  0  0  0  0  0  0  0  0  0  0  0  0  0  0  0  0  0  0  0  0  0  0  0  0  0  0  0  0  0  0  0  0  0  0  0  0  0  0  0  0  0  0  0  0  0  0  0  0  0  0  0  0  0  0  0  0  0  0  0  0  0  0  0  0  0  0  0  0  0  0  0  0  0  0  0  0  0  0  0  0  0  0  0  0  0  3  0  0  0  0  0  0  0  0  0  0  0
 0  0  0  0  0  0  0  0  0  0  0  0  0  0  0  0  0  0  0  0  0  0  0  0  0  0  0  0  0  0  0  0  0  0  0  0  0  0  0  0  0  0  0  0  0  0  0  0  0  0  0  0  0  0  0  0  0  0  0  0  0  0  0  0  0  0  0  0  0  0  0  0  0  0  0  0  0 53  0  0 53  0  3  3  0  0  3  3  0  0  0  0  0  0  0  0  0  0
 0  0  0  0  0  0  0  0  0  0  0  0  0  0  0  0  0  0  0  0  0  0  0  0  0  0  0  0  0  0  0  0  0  0  0  0  0  0  0  0  0  0  0  0  0  0  0  0  0  0  0  0  0  0  0  0  0  0  0  0  0  0  0  0  0  0  0  0  0  2  0 53  0 53  0 53 53  0 53  0  0 53  0  0  3  3  0  0  3  3  0  0  0  0  0  0  0  0
 0  0  0  1  1  0  0  1  1  0  0 58  0  0  0  0  0  0  0  0  0  0  0  0  0  0  0  0  0  0  0  0  0  0  0  0  0  0  0  0  0  0  0  0  0  0  0  0  0  0  0 55  0  0  0  0  0  0 54  0 54 54 54  0 54  0  2  2  2  2  0  0 53 53 53  0 53  0  0 53 53  0  3  3  0  3  3  3  0  3  3  3  0  0  0  0  0  0
 0  1  1  0  0  0  1  0  0  0 58  0  0 58 58  0 58  0  0 58  0 57 57 57  0  0 57 57  0 57  0 57 56  0 56 56 56  0 56 56 56  0 56  0 55  0 55 55  0 55 55 55 55 55  0 54 54 54  0 54 54  0 54 54  2  2  0  2  2  0  2  2 53 53  0 53  0 53 53  0 53  3  0  3  3  0  0  3  3  0  0  0  3  0  0  0  0  0
 1  1  0  0  1  1  0  0  1 58  0  0 58  0  0 58  0 58 58  0 57  0 57 57 57 57 57 57 57  0 57  0 56 56  0 56 56  0 56 56 56 56  0  0 55 55 55 55  0 55 55 55 55  0 54 54 54  0 54 54 54  0 54  0 54  2  0  2  2  2  0 53 53  0 53  0 53 53 53 53  0  0  3  0  0  3  3  0  0  3  3  0  0  3  3  0  0  0
 0  0  0  1  0  0  0  1  1  0 58 58  0 58 58  0  0 58  0 58 58  0 57 57 57  0 57 57 57 57 57 56  0 56 56  0 56 56  0 56 56 56 56  0  0 55 55  0 55 55 55 55  0 55 54 54 54 54 54  0 54 54  0 54 54  2  2  0  2  0  2  0 53  0 53 53  0 53  0  0 53  0  0  3  3  0  3  3  0  0  3  3  0  0  0  0  0  0
 0  1  1  0  0  1  1  0  0 58  0  0 58 58  0 58 58  0 58  0 57 57  0 57  0 57  0 57  0 57 57  0 56  0 56 56  0 56 56  0 56 56 56  0  0 55 55  0 55 55 55 55  0 55 54 54  0 54 54  0 54  0 54 54  0  2  0  2  0  2  0 53  0 53  0 53 53  0 53  0  0  3  3  0  3  3  0  0  3  0  0  0  3  3  0  0  0  0
 0  0  0  0  1  1  0  1  1  0  0 58  0  0 58 58  0 58  0  0  0  0 57  0 57 57 57  0 57  0 57  0 56 56  0 56 56  0 56 56  0 56 56  0  0 55 55  0 55 55 55  0 55 55 54  0 54 54  0 54 54  0 54  0 54  0  2  2  2  2  0  0 53  0 53  0  0 53  0 53 53  0  3  0  0  0  3  0  0  3  3  0  0  0  0  0  0  0
 0  0  0  1  0  0  0  1  0  0 58 58  0 58  0  0 58 58  0 58  0 57  0  0 57 57  0 57 57 57 57 56  0 56  0 56 56  0 56 56  0 56 56  0  0 55 55  0 55 55 55  0 55 55  0 54 54  0 54 54  0 54 54 54 54  2  2  0  2  0  2  0  0 53  0 53  0 53 53  0 53  0  0  3  3  0  0  3  0  0  0  3  0  0  0  0  0  0
 0  0  0  0  0  1  1  0  0 58  0  0 58 58  0 58  0  0 58  0 57 57  0 57  0 57  0 57  0 57  0 57 56  0 56  0 56 56  0 56 56  0 56  0  0 55 55  0 55 55 55 55 55 55  0 54 54  0 54  0 54 54  0 54  0  2  0  2  0  2  0 53  0 53 53  0 53  0 53 53  0 53  3  0  3  3  0  0  3  0  0  0  0  0  0  0  0  0
 0  0  0  0  1  1  0  0  1  0  0 58 58  0 58  0  0 58  0  0 58  0 57  0 57 57 57  0 57  0 57  0 56  0 56 56  0 56  0 56 56  0 56  0  0 55 55  0 55 55  0 55 55  0 55 54  0 54 54  0 54  0 54  0 54  2  0  2  0  2  2  0 53  0 53  0 53 53  0  0 53  0  3  3  0  0  3  0  0  3  3  0  0  0  0  0  0  0
 0  0  0  0  0  0  1  1  0  0 58  0  0 58 58  0 58  0 58 58  0 57 57  0 57  0 57  0 57  0 57 56 56 56 56 56  0 56 56  0 56  0 56  0  0 55 55  0 55 55  0 55 55  0 54 54  0 54  0 54 54 54 54  0 54  0  2  0  2  0  2  0 53 53  0 53  0 53 53  0 53 53  0  0  3  0  0  3  3  0  0  0  0  0  0  0  0  0
 0  0  0  0  0  0  1  0  0 58  0  0 58  0  0 58  0  0 58  0  0 57  0 57  0 57  0 57  0 57  0  0  0 56  0 56 56 56 56  0 56 56  0  0  0 55 55  0 55 55  0 55 55  0 54  0 54 54  0 54  0 54  0 54  2  2  0  2  0  2  0 53  0 53  0  0 53  0  0 53  0  3  3  0  0  3  0  0  3  0  0  0  0  0  0  0  0  0
 0  0  0  0  0  0  0  0  1  0  0 58  0  0 58 58  0 58  0 58 57  0 57  0 57 57  0 57  0 57  0 57  0 56 56  0 56  0 56  0 56 56  0  0 55  0 55  0 55 55  0 55  0 55 54  0 54  0 54 54  0 54  0 54  0  2  0  2  0  2  2  0 53  0 53  0 53 53  0 53 53  0  0  3  0  3  3  0  0  0  0  0  0  0  0  0  0  0
 0  0  0  0  0  0  0  1  0  0 58 58  0 58  0  0 58  0  0 58  0  0 57  0 57  0 57  0 57  0 57  0 56  0 56  0 56  0 56 56  0 56  0  0 55  0 55  0 55 55  0 55  0 55 54  0 54  0 54  0 54  0 54  0 54  0  2  0  2  0  2  0 53  0  0 53  0  0 53  0 53  0  0  3  3  0  0  3  0  0  0  0  0  0  0  0  0  0
 0  0  0  0  0  0  0  0  0 58  0  0 58 58  0 58 58  0 58  0  0 57  0 57  0 57  0  0 57  0 57  0 56  0 56  0 56 56 56 56  0 56  0  0 55  0 55  0 55 55  0 55  0 55  0 54 54  0 54  0 54  0 54  0 54  0  2  0  2  0  0  2  0 53  0 53 53  0 53 53  0 53  3  0  3  0  0  0  0  0  0  0  0  0  0  0  0  0
 0  0  0  0  0  0  0  0  0 58  0  0 58  0  0 58  0 58  0  0 57  0 57 57  0 57  0 57  0 57  0 56  0 56  0 56  0 56  0 56  0 56  0  0 55  0 55  0 55 55 55 55  0 55  0 54  0 54 54  0 54  0 54  0  0  2  0  2  0  2  0 53  0  0 53  0 53  0  0 53  0  0  3  0  0  3  0  0  0  0  0  0  0  0  0  0  0  0
 0  0  0  0  0  0  0  0  0  0  0 58  0 58 58  0 58 58  0 58 58  0 57  0 57 57  0 57  0 57  0  0  0 56  0 56  0 56  0 56  0 56 56  0 55  0 55  0 55  0 55 55  0 55  0 54  0 54  0 54  0 54  0 54  0  2  0  2  0  2  2  0 53  0 53 53  0 53  0  0 53  0  0  3  0  0  0  0  0  0  0  0  0  0  0  0  0  0
 0  0  0  0  0  0  0  0  0  0  0  0  0 58  0  0 58  0  0 58  0 57  0  0 57  0 57  0  0 57  0 57  0 56  0 56  0 56  0 56 56  0 56  0 55  0 55  0 55  0 55 55  0 55  0 54  0 54  0 54  0 54  0 54  0  2  0  2  2  0  2  0 53  0  0 53  0  0 53  0  0 53  0  0  0  0  0  0  0  0  0  0  0  0  0  0  0  0
 0  0  0  0  0  0  0  0  0  0  0  0 58  0  0 58  0  0 58  0  0 57  0 57  0  0 57  0 57  0 57  0 56  0 56  0 56  0 56  0 56  0 56  0 55  0 55  0 55  0 55  0 55 55 55 54  0 54  0 54  0  0 54 54 54  0  2  0  2  0  0  2  0 53  0  0 53  0 53  0  0  3  0  0  0  0  0  0  0  0  0  0  0  0  0  0  0  0
 0  0  0  0  0  0  0  0  0  0  0  0  0  0 58 58  0 58 58  0 57  0 57 57  0 57  0 57  0  0 57  0 56  0 56  0 56  0 56  0 56  0 56  0 55  0 55  0 55  0 55  0 55  0 54  0 54  0 54  0 54  0 54  0 54  0  2  0  0  2  0 53  0  0 53  0 53 53  0 53 53  0  0  0  0  0  0  0  0  0  0  0  0  0  0  0  0  0
 0  0  0  0  0  0  0  0  0  0  0  0  0  0  0  0  0 58  0  0 58  0 57  0  0 57  0 57  0 57  0  0 56  0 56  0 56  0 56  0 56  0 56  0 55  0 55  0 55  0 55  0 55  0 54  0 54  0 54  0 54  0 54  0 54  0  0  2  0  2  0  0 53  0 53  0  0 53  0  0  0  0  0  0  0  0  0  0  0  0  0  0  0  0  0  0  0  0
 0  0  0  0  0  0  0  0  0  0  0  0  0  0  0  0 58  0  0 58  0  0 57  0 57  0 57 57  0 57  0 56  0 56  0  0 56  0 56  0 56  0 56  0 55  0 55  0 55  0 55  0 55  0 54  0 54  0 54  0 54  0 54 54  0  2  0  2  0  2  2  0 53  0  0 53  0  0 53  0  0  0  0  0  0  0  0  0  0  0  0  0  0  0  0  0  0  0
 0  0  0  0  0  0  0  0  0  0  0  0  0  0  0  0  0  0 58  0  0 57  0  0 57  0 57  0 57 57  0 57  0 56  0 56  0 56  0  0 56  0 56  0 55  0 55  0 55  0 55  0 55  0 54  0 54  0 54  0  0 54  0 54  0  2  0  0  2  0  2  0  0 53  0  0 53  0  0  0  0  0  0  0  0  0  0  0  0  0  0  0  0  0  0  0  0  0
 0  0  0  0  0  0  0  0  0  0  0  0  0  0  0  0  0  0  0  0 57  0  0 57  0  0 57  0 57  0  0 57  0 56  0 56  0 56  0  0 56  0 56  0 55  0 55  0 55  0 55  0 55  0 54  0 54  0  0 54  0 54  0 54  0  0  2  0  2  0  0  2  0 53  0  0  0  0  0  0  0  0  0  0  0  0  0  0  0  0  0  0  0  0  0  0  0  0
 0  0  0  0  0  0  0  0  0  0  0  0  0  0  0  0  0  0  0  0  0  0 57 57  0 57  0  0 57  0 57  0  0 56  0 56  0 56  0 56  0  0 56  0 55  0 55  0 55  0 55  0 55  0 54 54  0 54  0 54  0 54  0  0 54  0  2  0  2  0  0 53  0  0  0  0  0  0  0  0  0  0  0  0  0  0  0  0  0  0  0  0  0  0  0  0  0  0
 0  0  0  0  0  0  0  0  0  0  0  0  0  0  0  0  0  0  0  0  0  0  0  0  0 57  0  0 57  0 57  0 56  0  0 56  0 56  0 56  0 56  0  0 55  0 55  0 55  0 55  0 55  0  0 54  0 54  0 54  0 54 54  0 54  0  2  0  0  2  0  0  0  0  0  0  0  0  0  0  0  0  0  0  0  0  0  0  0  0  0  0  0  0  0  0  0  0
 0  0  0  0  0  0  0  0  0  0  0  0  0  0  0  0  0  0  0  0  0  0  0  0  0  0  0 57  0 57 57  0 56  0 56  0  0 56  0 56  0 56  0  0 55  0 55  0 55  0 55  0 55 55  0 54  0 54  0 54  0  0 54  0 54  0  0  2  0  0  0  0  0  0  0  0  0  0  0  0  0  0  0  0  0  0  0  0  0  0  0  0  0  0  0  0  0  0
 0  0  0  0  0  0  0  0  0  0  0  0  0  0  0  0  0  0  0  0  0  0  0  0  0  0  0  0  0  4  0  0  4  0 56  0  4 56  0 56  0  4  0  4 55  0 55  0 55  0 55  0  0  4  0 54  0 54  0  0 54  0 54  0  0  4  0  0  0  0  0  0  0  0  0  0  0  0  0  0  0  0  0  0  0  0  0  0  0  0  0  0  0  0  0  0  0  0
 0  0  0  0  0  0  0  0  0  0  0  0  0  0  0  0  0  0  0  0  0  0  0  0  0  0  0  0  0  0  0  4  0  0  4  0  4  0  0  4  0  4  0  4  0  0  4  0  4  0  4  0  0  4  0  4  0  0  4  0  4  0  4  0  0  0  0  0  0  0  0  0  0  0  0  0  0  0  0  0  0  0  0  0  0  0  0  0  0  0  0  0  0  0  0  0  0  0
 0  0  0  0  0  0  0  0  0  0  0  0  0  0  0  0  0  0  0  0  0  0  0  0  0  0  0  0  0  0  0  0  0  0  4  0  4  0  0  4  0  4  0  4  0  0  0  0  4  0  4  0  0  4  0  4  0  0  4  0  4  0  0  0  0  0  0  0  0  0  0  0  0  0  0  0  0  0  0  0  0  0  0  0  0  0  0  0  0  0  0  0  0  0  0  0  0  0
 0  0  0  0  0  0  0  0  0  0  0  0  0  0  0  0  0  0  0  0  0  0  0  0  0  0  0  0  0  0  0  0  0  0  0  0  0  0  4  0  0  4  0  4  0  0  4  0  4  0  0  4  0  4  0  4  0  0  0  0  0  0  0  0  0  0  0  0  0  0  0  0  0  0  0  0  0  0  0  0  0  0  0  0  0  0  0  0  0  0  0  0  0  0  0  0  0  0
 0  0  0  0  0  0  0  0  0  0  0  0  0  0  0  0  0  0  0  0  0  0  0  0  0  0  0  0  0  0  0  0  0  0  0  0  0  0  0  0  0  0  0  0  0  0  0  0  0  0  0  0  0  0  0  0  0  0  0  0  0  0  0  0  0  0  0  0  0  0  0  0  0  0  0  0  0  0  0  0  0  0  0  0  0  0  0  0  0  0  0  0  0  0  0  0  0  0
 0  0  0  0  0  0  0  0  0  0  0  0  0  0  0  0  0  0  0  0  0  0  0  0  0  0  0  0  0  0  0  0  0  0  0  0  0  0  0  0  0  0  0  0  0  0  0  0  0  0  0  0  0  0  0  0  0  0  0  0  0  0  0  0  0  0  0  0  0  0  0  0  0  0  0  0  0  0  0  0  0  0  0  0  0  0  0  0  0  0  0  0  0  0  0  0  0  0
 0  0  0  0  0  0  0  0  0  0  0  0  0  0  0  0  0  0  0  0  0  0  0  0  0  0  0  0  0  0  0  0  0  0  0  0  0  0  0  0  0  0  0  0  0  0  0  0  0  0  0  0  0  0  0  0  0  0  0  0  0  0  0  0  0  0  0  0  0  0  0  0  0  0  0  0  0  0  0  0  0  0  0  0  0  0  0  0  0  0  0  0  0  0  0  0  0  0
 0  0  0  0  0  0  0  0  0  0  0  0  0  0  0  0  0  0  0  0  0  0  0  0  0  0  0  0  0  0  0  0  0  0  0  0  0  0  0  0  0  0  0  0  0  0  0  0  0  0  0  0  0  0  0  0  0  0  0  0  0  0  0  0  0  0  0  0  0  0  0  0  0  0  0  0  0  0  0  0  0  0  0  0  0  0  0  0  0  0  0  0  0  0  0  0  0  0
 0  0  0  0  0  0  0  0  0  0  0  0  0  0  0  0  0  0  0  0  0  0  0  0  0  0  0  0  0  0  0  0  0  0  0  0  0  0  0  0  0  0  0  0  0  0  0  0  0  0  0  0  0  0  0  0  0  0  0  0  0  0  0  0  0  0  0  0  0  0  0  0  0  0  0  0  0  0  0  0  0  0  0  0  0  0  0  0  0  0  0  0  0  0  0  0  0  0
 0  0  0  0  0  0  0  0  0  0  0  0  0  0  0  0  0  0  0  0  0  0  0  0  0  0  0  0  0  0  0  0  0  0  0  0  0  0  0  0  0  0  0  0  0  0  0  0  0  0  0  0  0  0  0  0  0  0  0  0  0  0  0  0  0  0  0  0  0  0  0  0  0  0  0  0  0  0  0  0  0  0  0  0  0  0  0  0  0  0  0  0  0  0  0  0  0  0
 0  0  0  0  0  0  0  0  0  0  0  0  0  0  0  0  0  0  0  0  0  0  0  0  0  0  0  0  0  0  0  0  0  0  0  0  0  0  0  0  0  0  0  0  0  0  0  0  0  0  0  0  0  0  0  0  0  0  0  0  0  0  0  0  0  0  0  0  0  0  0  0  0  0  0  0  0  0  0  0  0  0  0  0  0  0  0  0  0  0  0  0  0  0  0  0  0  0
 0  0  0  0  0  0  0  0  0  0  0  0  0  0  0  0  0  0  0  0  0  0  0  0  0  0  0  0  0  0  0  0  0  0  0  0  0  0  0  0  0  0  0  0  0  0  0  0  0  0  0  0  0  0  0  0  0  0  0  0  0  0  0  0  0  0  0  0  0  0  0  0  0  0  0  0  0  0  0  0  0  0  0  0  0  0  0  0  0  0  0  0  0  0  0  0  0  0
 0  0  0  0  0  0  0  0  0  0  0  0  0  0  0  0  0  0  0  0  0  0  0  0  0  0  0  0  0  0  0  0  0  0  0  0  0  0  0  0  0  0  0  0  0  0  0  0  0  0  0  0  0  0  0  0  0  0  0  0  0  0  0  0  0  0  0  0  0  0  0  0  0  0  0  0  0  0  0  0  0  0  0  0  0  0  0  0  0  0  0  0  0  0  0  0  0  0
